# **************************************************************************** #
#                                                                              #
#                                                         :::      ::::::::    #
#    Makefile                                           :+:      :+:    :+:    #
#                                                     +:+ +:+         +:+      #
#    By: fguirama <fguirama@student.42.fr>          +#+  +:+       +#+         #
#                                                 +#+#+#+#+#+   +#+            #
#    Created: 2022/11/23 09:48:29 by fguirama          #+#    #+#              #
#    Updated: 2022/11/27 09:31:13 by fguirama         ###   ########.fr        #
#                                                                              #
# **************************************************************************** #

INS			= parsing.c utils.c move.c push.c reverse.c rotate.c swap.c
OBJS_INS	= ${INS:.c=.o}

SRCS		= solve.c push_swap.c
OBJS_SRC	= $(SRCS:.c=.o)
HEAD		= push_swap.h
NAME		= push_swap

BON			= checker.c get_next_line.c get_next_line_utils.c
OBJS_BON	= $(BON:.c=.o)
NAME_BON	= checker

CC			= gcc
RM			= rm -f
FLAGS		= -Wall -Wextra -Werror

ARGS	= 11000101 11110001 1111010 1101111 10111111 11111 10000011 1100101 1000101 111001011 110101101 1011001 11110 111010011 100110001 1111 10001100 11101011 111100100 111 100010001 111101000 111001101 10101110 10010100 10011001 10110011 11011110 1001 110100001 110000111 110010010 110010100 100000110 10110111 10111001 101000000 110111100 110010 1110011 110001101 11011000 111011010 111000001 11101 111110000 1011110 100111110 10101010 1010010 111101 101010101 100010000 1000000 10010001 10011111 101001 10011000 111110010 10001 110000011 1001111 10001000 100010 10110001 111000100 101000001 10000000 111101011 11010011 11111111 101101101 100101110 11010100 100110000 100011010 101010 111011011 10001001 111010010 100100010 1100111 11111001 10101001 111000000 1000 111100011 110000010 110100 1000110 11111000 101001001 100111 11000 100000100 101111001 101000100 10101101 11101111 101111000 101100010 1001100 101111111 1110 110010101 100100001 101000101 100001 110101100 10110000 10000101 11110111 110011110 10111100 11010 11000000 101010001 1011 110010110 10010111 11010110 100000 1101 1 11100100 101101011 10111 10001010 111011100 101110 10110010 111001100 10011110 101110110 10101 100100011 11010001 101 1010011 101011001 110110100 101110011 11001100 100111101 100111100 100010111 1101110 100111010 101011101 111000011 1010100 101100 1001101 110110 101010111 1010 101011000 111110011 11001010 100111000 101011111 101100011 100011100 110101001 10110100 11110100 100101001 110111 101001110 110000101 100010100 110 1001011 10000110 11000100 11011 1101001 101100110 101100000 100100 11110110 11101001 100101111 11100111 101110101 100100100 100001011 11100010 111011111 101101000 110011011 10100001 11011010 1100100 110010111 1001000 100100111 11110101 1101010 10 110111000 110101011 100011000 111010110 111100110 10011100 11011100 11010111 111011 110111101 100111011 111101111 101110010 111000010 101111011 100001100 110100010 110001110 111100001 11100011 101001101 111011001 100100110 100 110111010 1111000 11100000 11 100101000 110010011 100100101 11011111 100101100 111001110 101010010 11011101 1011010 101111 101011010 11111110 111100111 101001011 11001000 11111101 100101010 101010100 101011 1101101 101010011 110001100 11001001 100001000 11010101 11010010 11001101 110010000 101100101 1010101 111010001 100110111 10000001 110101110 11110011 111010101 1111101 101111100 1110001 100101101 11111100 110111110 111000110 101101 110100100 100110110 100110101 110011100 101000011 1111001 10011011 1000111 1110110 100010010 10000010 101011110 111000 10100100 11001110 100010101 110011000 10111010 100110 101011100 111100010 1010110 111011110 100110010 100000101 11100110 101111101 100000011 1010111 100001110 10010010 101010000 11001111 10100111 1111110 10100000 110001000 101000 100000001 10010011 101100001 10111011 1011111 111000101 110011 111010 1010000 101000110 111101001 111010000 110000 1101100 101101110 101001010 1000001 110110001 1010001 11101110 110011111 110010001 1011011 11111011 1101000 11100001 10010110 101001000 110001011 1001001 1110000 111101100 1100000 10010 100001101 10111000 111100000 110000110 101101001 111110001 10101011 10110 10000100 100101011 110011010 101001100 110110111 11000110 101101111 111001111 10010000 1011101 10101111 111011000 110111001 100011 10110101 1001010 1110100 101001111 111010100 11000010 1001110 10111110 100011011 100000010 101010110 1110010 111111 100011001 1111100 11011011 11011001 100001001 10000111 100010110 11110000 111100101 1000011 110111111 11000001 110001111 10001111 100001111 100000000 110000000 10101100 10100 110110010 100111001 100011111 100000111 10000 110000100 110110000 11001011 11000111 101011011 11000011 100110011 100101 1110101 100011110 1111111 11100101 100010011 111101110 10100011 101100100 1000010 110110011 110100111 111110 101100111 110101111 11101100 111101010 101000010 1000100 110110101 110101010 111001 101110100 100001010 101110001 110011101 1100011 11101101 110101 111001010 10001101 1011000 111010111 101000111 100110100 11100 11001 110100110 110100101 110100011 110100000 11101010 101110000 110001 10100010 110011001 1100110 110101000 1011100 10011010 10101000 1100010 10001011 10011 1110111 110001001 111000111 100100000 100111111 10011101 110111011 11010000 111001000 111100 101111110 110110110 111001001 1111011 101101100 11111010 110001010 101101010 10001110 111101101 1101011 11110010 1100 110000001 10010101 101110111 111011101 10100101 10110110 0 10111101 11101000 1100001 10100110 101111010 100011101

all:		${NAME} bonus
			./push_swap ${ARGS}
# | ./checker ${ARGS}
#  | wc -l

%.o: %.c Makefile ${HEAD}
			${CC} ${FLAGS} -I ${HEAD} -c $< -o $@

${NAME}:	${OBJS_INS} ${OBJS_SRC}
			${CC} ${FLAGS} ${OBJS_INS} ${OBJS_SRC} -o ${NAME}

bonus:		${OBJS_INS} ${OBJS_BON}
			${CC} ${FLAGS} ${OBJS_INS} ${OBJS_BON} -o ${NAME_BON}

clean:
			${RM} ${OBJS_INS} ${OBJS_SRC} ${OBJS_BON}

fclean:		clean
			${RM} ${NAME} ${NAME_BON}

re:			fclean all

.PHONY:		all clean fclean re bonus